<?xml version="1.0" encoding="UTF-8" standalone="no"?>
<!DOCTYPE svg PUBLIC "-//W3C//DTD SVG 20010904//EN"
              "http://www.w3.org/TR/2001/REC-SVG-20010904/DTD/svg10.dtd">

<svg xmlns="http://www.w3.org/2000/svg"
     width="41.6667in" height="41.6667in"
     viewBox="0 0 3000 3000">
  <path id="Selection"
        fill="none" stroke="black" stroke-width="1"
        d="M 1045.00,244.14
           C 1045.00,244.14 1105.00,244.14 1105.00,244.14
             1105.00,244.14 1212.00,244.14 1212.00,244.14
             1212.00,244.14 1222.00,244.91 1222.00,244.91
             1237.85,245.99 1258.78,246.10 1270.91,258.10
             1284.78,271.84 1275.95,291.40 1267.00,305.00
             1257.61,319.26 1227.30,359.66 1216.00,371.00
             1205.05,381.98 1193.27,390.60 1177.00,389.96
             1167.52,389.59 1156.08,385.08 1147.00,382.42
             1131.25,377.81 1117.38,374.27 1101.00,372.28
             1101.00,372.28 1073.00,370.00 1073.00,370.00
             1073.00,370.00 1060.00,369.04 1060.00,369.04
             1060.00,369.04 1045.00,369.04 1045.00,369.04
             1045.00,369.04 1028.00,368.00 1028.00,368.00
             1028.00,368.00 942.00,368.00 942.00,368.00
             927.71,367.83 918.03,363.18 915.87,348.00
             915.49,345.34 915.12,343.74 915.32,341.00
             917.73,309.00 933.25,293.04 958.00,274.63
             973.45,263.14 989.29,254.14 1008.00,249.15
             1015.60,247.13 1024.16,245.92 1032.00,245.17
             1032.00,245.17 1045.00,244.14 1045.00,244.14 Z
           M 2282.00,2409.00
           C 2281.11,2416.72 2274.72,2421.67 2269.00,2426.39
             2269.00,2426.39 2232.00,2453.33 2232.00,2453.33
             2179.44,2488.37 2125.68,2521.17 2072.00,2554.42
             2072.00,2554.42 1885.00,2667.20 1885.00,2667.20
             1885.00,2667.20 1593.00,2842.20 1593.00,2842.20
             1593.00,2842.20 1526.00,2881.85 1526.00,2881.85
             1503.92,2894.45 1486.74,2903.59 1461.00,2906.17
             1461.00,2906.17 1454.00,2906.92 1454.00,2906.92
             1454.00,2906.92 1447.00,2906.17 1447.00,2906.17
             1419.83,2903.54 1396.65,2893.59 1374.00,2878.49
             1359.49,2868.81 1347.42,2857.37 1336.28,2844.00
             1323.81,2829.03 1312.84,2811.56 1302.58,2795.00
             1281.36,2760.75 1262.76,2725.01 1244.75,2689.00
             1186.73,2572.96 1140.72,2444.21 1106.85,2319.00
             1071.59,2188.64 1046.21,2051.26 1031.84,1917.00
             1031.84,1917.00 1025.17,1856.00 1025.17,1856.00
             1025.17,1856.00 1019.91,1788.00 1019.91,1788.00
             1019.91,1788.00 1017.00,1739.00 1017.00,1739.00
             1017.00,1739.00 1016.00,1726.00 1016.00,1726.00
             1016.00,1726.00 1015.00,1696.00 1015.00,1696.00
             1015.00,1696.00 1014.00,1682.00 1014.00,1682.00
             1014.00,1682.00 1014.00,1666.00 1014.00,1666.00
             1014.00,1666.00 1013.00,1650.00 1013.00,1650.00
             1013.00,1650.00 1013.00,1483.00 1013.00,1483.00
             1013.00,1483.00 1014.00,1468.00 1014.00,1468.00
             1014.00,1468.00 1015.00,1435.00 1015.00,1435.00
             1015.00,1435.00 1016.00,1421.00 1016.00,1421.00
             1016.00,1421.00 1017.00,1396.00 1017.00,1396.00
             1017.00,1396.00 1018.00,1382.00 1018.00,1382.00
             1018.00,1382.00 1018.91,1368.00 1018.91,1368.00
             1018.91,1368.00 1020.09,1344.00 1020.09,1344.00
             1020.09,1344.00 1021.91,1324.00 1021.91,1324.00
             1024.66,1283.85 1029.06,1243.99 1033.85,1204.00
             1048.74,1079.46 1065.66,983.86 1096.13,862.00
             1096.13,862.00 1112.42,798.00 1112.42,798.00
             1126.79,746.35 1143.34,695.49 1161.31,645.00
             1173.62,610.41 1186.21,575.88 1200.42,542.00
             1200.42,542.00 1242.22,451.00 1242.22,451.00
             1242.22,451.00 1268.75,395.00 1268.75,395.00
             1268.75,395.00 1294.69,346.00 1294.69,346.00
             1303.14,330.41 1311.58,314.45 1323.29,301.00
             1340.07,281.71 1368.52,266.79 1393.00,259.86
             1400.89,257.63 1412.88,255.10 1421.00,255.00
             1421.00,255.00 1434.00,255.00 1434.00,255.00
             1449.97,255.19 1468.83,261.67 1483.00,268.75
             1510.86,282.68 1532.82,301.08 1552.75,325.00
             1574.53,351.14 1597.75,387.58 1615.40,417.00
             1640.45,458.74 1663.99,501.75 1684.31,546.00
             1684.31,546.00 1718.58,622.00 1718.58,622.00
             1736.74,665.29 1752.86,709.57 1768.00,754.00
             1816.40,896.09 1851.68,1060.12 1871.28,1209.00
             1877.98,1259.92 1883.57,1310.81 1887.09,1362.00
             1887.09,1362.00 1892.00,1438.00 1892.00,1438.00
             1892.00,1438.00 1893.00,1451.00 1893.00,1451.00
             1893.00,1451.00 1893.00,1464.00 1893.00,1464.00
             1893.00,1464.00 1894.00,1479.00 1894.00,1479.00
             1894.00,1479.00 1896.00,1553.00 1896.00,1553.00
             1896.00,1553.00 1897.00,1570.00 1897.00,1570.00
             1897.00,1570.00 1897.00,1608.00 1897.00,1608.00
             1897.00,1608.00 1896.00,1625.00 1896.00,1625.00
             1896.00,1625.00 1893.00,1727.00 1893.00,1727.00
             1893.00,1727.00 1892.04,1737.00 1892.04,1737.00
             1892.04,1737.00 1892.04,1747.00 1892.04,1747.00
             1892.04,1747.00 1891.00,1763.00 1891.00,1763.00
             1891.00,1763.00 1889.09,1789.00 1889.09,1789.00
             1889.09,1789.00 1884.17,1853.00 1884.17,1853.00
             1874.48,1953.04 1860.53,2052.36 1840.80,2151.00
             1840.80,2151.00 1827.20,2216.00 1827.20,2216.00
             1825.20,2226.01 1821.43,2247.37 1822.09,2257.00
             1822.66,2265.45 1824.29,2274.48 1828.32,2282.00
             1837.26,2298.64 1855.94,2305.79 1874.00,2306.00
             1874.00,2306.00 1879.00,2306.00 1879.00,2306.00
             1879.00,2306.00 1890.00,2306.83 1890.00,2306.83
             1895.05,2307.34 1902.14,2307.28 1899.14,2315.00
             1897.81,2318.43 1893.61,2322.38 1891.00,2325.00
             1884.98,2331.05 1878.65,2336.65 1872.00,2342.00
             1872.00,2342.00 1799.00,2396.08 1799.00,2396.08
             1787.20,2406.92 1778.71,2416.12 1770.45,2430.00
             1756.49,2453.47 1743.65,2493.40 1733.20,2520.00
             1727.47,2534.58 1720.37,2553.96 1716.63,2569.00
             1715.21,2574.70 1712.78,2587.42 1713.18,2593.00
             1714.64,2613.42 1725.65,2626.90 1747.00,2627.00
             1747.00,2627.00 1752.00,2627.00 1752.00,2627.00
             1766.97,2626.82 1789.11,2617.90 1803.00,2612.00
             1803.00,2612.00 1884.00,2575.31 1884.00,2575.31
             1973.71,2534.22 2063.23,2492.31 2154.00,2453.58
             2154.00,2453.58 2238.00,2419.31 2238.00,2419.31
             2251.56,2414.47 2267.43,2407.75 2282.00,2409.00 Z
           M 863.00,259.65
           C 870.39,258.12 878.43,258.91 883.58,265.10
             889.93,272.72 886.74,284.64 877.00,287.43
             870.38,289.33 862.82,287.16 858.39,281.91
             852.05,274.38 853.64,263.67 863.00,259.65 Z
           M 681.00,265.42
           C 712.10,261.72 727.68,294.86 739.25,318.00
             739.25,318.00 750.25,341.00 750.25,341.00
             750.25,341.00 776.20,396.00 776.20,396.00
             782.08,410.65 784.67,419.26 786.17,435.00
             786.44,437.82 786.90,438.97 786.68,442.00
             785.38,459.39 782.71,469.69 776.68,486.00
             771.60,499.74 762.07,521.96 752.91,532.99
             747.28,539.76 740.04,545.72 731.00,546.82
             715.29,548.72 703.09,538.49 693.80,527.00
             677.52,506.86 660.33,475.10 647.15,452.00
             635.46,431.52 626.14,415.74 609.00,399.01
             596.34,386.66 580.56,379.86 581.01,360.00
             581.34,345.53 590.52,331.04 599.21,320.00
             614.88,300.11 643.49,275.81 668.00,268.03
             673.48,266.29 675.54,266.25 681.00,265.42 Z
           M 517.00,465.56
           C 528.25,463.60 532.99,469.16 538.91,478.00
             538.91,478.00 564.42,523.00 564.42,523.00
             564.42,523.00 610.69,598.00 610.69,598.00
             610.69,598.00 637.42,639.00 637.42,639.00
             655.34,667.63 671.34,688.08 673.82,723.00
             674.12,727.29 672.06,742.17 671.25,747.00
             671.25,747.00 667.37,764.00 667.37,764.00
             661.29,788.34 650.49,833.31 617.00,826.69
             602.24,823.77 586.20,807.12 576.92,796.00
             576.92,796.00 545.88,756.00 545.88,756.00
             536.06,742.67 526.34,729.18 515.08,717.00
             503.02,703.95 487.76,690.77 469.00,690.04
             463.30,689.82 457.32,691.05 452.00,693.06
             447.57,694.74 442.65,697.31 439.00,700.33
             414.10,720.90 425.29,757.27 437.26,782.00
             448.56,805.35 468.51,831.64 484.80,852.00
             484.80,852.00 543.08,923.00 543.08,923.00
             557.79,940.62 580.86,966.88 588.94,988.00
             593.90,1000.96 595.16,1013.25 595.00,1027.00
             594.79,1044.31 588.23,1083.81 580.63,1099.00
             574.76,1110.74 564.81,1119.71 551.00,1118.91
             532.80,1117.85 513.28,1100.28 501.00,1088.00
             501.00,1088.00 463.09,1049.00 463.09,1049.00
             449.42,1034.33 433.91,1017.27 416.00,1007.78
             398.40,998.46 380.18,997.43 365.00,1012.04
             360.73,1016.15 357.85,1019.60 355.32,1025.00
             350.95,1034.34 350.89,1040.04 351.00,1050.00
             351.33,1077.84 375.25,1110.07 392.95,1130.00
             427.14,1168.50 466.64,1201.64 503.00,1238.00
             528.68,1263.68 550.54,1284.10 551.00,1323.00
             551.00,1323.00 551.00,1347.00 551.00,1347.00
             550.99,1354.68 549.23,1370.24 547.92,1378.00
             546.89,1384.13 545.38,1390.24 542.98,1396.00
             534.16,1417.20 516.22,1419.41 497.00,1411.80
             474.13,1402.74 436.93,1370.00 417.00,1353.41
             408.62,1346.44 400.08,1339.41 391.00,1333.35
             380.56,1326.39 365.75,1318.58 353.00,1318.04
             328.16,1316.99 308.97,1339.84 310.51,1364.00
             312.70,1398.23 335.27,1421.90 359.00,1444.02
             390.76,1473.63 443.56,1509.15 479.00,1537.00
             499.37,1553.01 522.13,1568.55 533.14,1593.00
             543.84,1616.78 547.70,1657.32 543.56,1683.00
             540.38,1702.74 531.89,1716.48 510.00,1715.99
             495.39,1715.65 478.49,1706.97 466.00,1699.85
             466.00,1699.85 396.00,1656.00 396.00,1656.00
             383.28,1648.37 361.14,1637.08 346.00,1638.18
             321.83,1639.94 306.48,1659.37 307.01,1683.00
             307.82,1718.55 341.88,1747.84 369.00,1766.00
             406.62,1791.20 446.65,1813.34 486.00,1835.72
             510.10,1849.43 540.09,1865.74 554.55,1890.00
             558.65,1896.89 561.49,1904.41 564.00,1912.00
             564.00,1912.00 569.00,1931.00 569.00,1931.00
             569.00,1931.00 571.75,1946.00 571.75,1946.00
             575.41,1967.95 580.70,2004.15 553.00,2012.78
             548.90,2014.06 546.19,2013.99 542.00,2014.00
             542.00,2014.00 538.00,2014.00 538.00,2014.00
             524.80,2013.84 508.09,2007.04 496.00,2001.85
             496.00,2001.85 431.00,1970.69 431.00,1970.69
             414.64,1963.20 397.30,1955.79 379.00,1956.00
             356.06,1956.27 340.79,1973.88 339.18,1996.00
             338.72,2002.44 341.47,2012.95 343.81,2019.00
             353.91,2045.06 377.63,2062.05 401.00,2075.42
             430.97,2092.57 499.43,2120.80 534.00,2135.72
             560.63,2147.21 589.97,2158.52 608.33,2182.00
             612.96,2187.92 617.46,2196.08 620.42,2203.00
             620.42,2203.00 627.33,2221.00 627.33,2221.00
             627.33,2221.00 631.71,2235.00 631.71,2235.00
             638.00,2256.92 646.79,2294.89 618.00,2304.90
             613.83,2306.35 609.39,2306.94 605.00,2307.00
             605.00,2307.00 600.00,2307.00 600.00,2307.00
             587.21,2306.85 567.32,2301.11 555.00,2297.00
             555.00,2297.00 496.00,2276.67 496.00,2276.67
             484.55,2272.85 466.89,2267.14 455.00,2267.00
             455.00,2267.00 446.00,2267.00 446.00,2267.00
             416.70,2267.35 399.85,2295.07 408.04,2322.00
             414.80,2344.25 433.20,2361.09 453.00,2372.14
             474.52,2384.14 503.34,2393.67 527.00,2401.02
             527.00,2401.02 614.00,2427.98 614.00,2427.98
             640.05,2436.07 673.54,2444.73 692.71,2465.09
             705.82,2479.01 714.97,2498.36 722.00,2516.00
             727.32,2529.33 732.16,2543.50 732.00,2558.00
             731.76,2578.63 719.23,2587.85 700.00,2590.15
             695.91,2590.64 694.38,2591.13 690.00,2590.96
             660.70,2589.82 625.05,2578.99 596.00,2572.58
             584.70,2570.08 566.26,2566.14 555.00,2566.00
             544.51,2565.88 533.34,2567.15 524.00,2572.35
             504.70,2583.08 496.30,2606.44 503.88,2627.00
             509.09,2641.16 521.48,2652.17 534.00,2659.94
             558.58,2675.19 592.77,2683.16 621.00,2689.00
             621.00,2689.00 720.00,2708.80 720.00,2708.80
             742.27,2713.25 771.31,2717.85 791.00,2728.86
             812.52,2740.90 826.44,2762.45 837.25,2784.00
             842.10,2793.68 846.34,2802.45 849.12,2813.00
             853.35,2829.06 853.18,2846.81 837.00,2856.12
             833.30,2858.25 829.15,2859.79 825.00,2860.76
             818.39,2862.32 807.86,2863.08 801.00,2863.00
             801.00,2863.00 779.00,2861.17 779.00,2861.17
             744.38,2857.71 705.09,2849.60 671.00,2850.00
             671.00,2850.00 623.00,2854.91 623.00,2854.91
             600.26,2853.62 586.61,2841.06 573.00,2824.00
             557.98,2805.17 533.58,2765.64 521.28,2744.00
             510.93,2725.80 501.32,2707.16 492.86,2688.00
             492.86,2688.00 474.74,2645.00 474.74,2645.00
             474.74,2645.00 444.31,2590.00 444.31,2590.00
             444.31,2590.00 430.31,2561.00 430.31,2561.00
             410.99,2518.82 385.94,2449.76 372.02,2405.00
             372.02,2405.00 357.29,2353.00 357.29,2353.00
             357.29,2353.00 323.89,2236.00 323.89,2236.00
             311.88,2187.92 301.63,2138.88 293.43,2090.00
             293.43,2090.00 281.73,2010.00 281.73,2010.00
             281.73,2010.00 265.17,1895.00 265.17,1895.00
             265.17,1895.00 257.91,1809.00 257.91,1809.00
             257.91,1809.00 256.00,1780.00 256.00,1780.00
             256.00,1780.00 255.04,1769.00 255.04,1769.00
             255.04,1769.00 255.04,1755.00 255.04,1755.00
             255.04,1755.00 254.00,1740.00 254.00,1740.00
             254.00,1740.00 254.00,1698.00 254.00,1698.00
             254.00,1698.00 253.04,1686.00 253.04,1686.00
             253.04,1686.00 253.04,1673.00 253.04,1673.00
             253.04,1673.00 252.00,1663.00 252.00,1663.00
             252.00,1663.00 252.00,1654.00 252.00,1654.00
             252.00,1654.00 250.00,1623.00 250.00,1623.00
             250.00,1623.00 249.00,1606.00 249.00,1606.00
             249.00,1606.00 249.00,1550.00 249.00,1550.00
             249.00,1550.00 250.00,1535.00 250.00,1535.00
             250.00,1535.00 250.00,1522.00 250.00,1522.00
             250.00,1522.00 251.00,1506.00 251.00,1506.00
             251.00,1506.00 253.00,1450.00 253.00,1450.00
             253.00,1450.00 253.91,1440.00 253.91,1440.00
             253.91,1440.00 256.17,1406.00 256.17,1406.00
             256.17,1406.00 262.09,1344.00 262.09,1344.00
             262.09,1344.00 263.00,1334.00 263.00,1334.00
             263.00,1334.00 264.00,1310.00 264.00,1310.00
             264.00,1310.00 264.96,1299.00 264.96,1299.00
             266.24,1269.52 269.87,1240.27 273.72,1211.00
             279.62,1166.18 286.80,1121.23 296.21,1077.00
             296.21,1077.00 306.58,1034.00 306.58,1034.00
             306.58,1034.00 321.45,954.00 321.45,954.00
             321.45,954.00 336.58,891.00 336.58,891.00
             347.18,852.88 357.53,812.86 371.81,776.00
             371.81,776.00 386.26,742.00 386.26,742.00
             386.26,742.00 403.95,705.00 403.95,705.00
             403.95,705.00 420.02,645.00 420.02,645.00
             428.69,617.12 440.77,590.35 453.22,564.00
             464.54,540.03 475.88,515.70 489.60,493.00
             495.91,482.56 505.08,469.68 517.00,465.56 Z
           M 1018.00,469.21
           C 1018.00,469.21 1058.00,469.21 1058.00,469.21
             1074.15,469.00 1095.41,468.33 1111.00,471.26
             1127.59,474.37 1136.39,481.25 1135.99,499.00
             1135.69,511.98 1128.61,528.23 1123.30,540.00
             1115.28,557.79 1106.05,576.96 1094.98,593.00
             1087.66,603.60 1077.01,614.44 1063.00,613.49
             1053.82,612.86 1039.00,606.79 1029.00,604.15
             1016.78,600.93 1001.64,599.86 989.00,600.00
             989.00,600.00 973.00,601.00 973.00,601.00
             973.00,601.00 947.00,602.91 947.00,602.91
             947.00,602.91 925.00,604.17 925.00,604.17
             902.27,606.33 886.87,610.19 865.00,614.60
             865.00,614.60 822.00,623.08 822.00,623.08
             815.13,624.21 805.69,625.92 799.00,624.07
             783.99,619.94 783.85,603.72 784.00,591.00
             784.22,572.41 793.20,548.07 805.30,534.00
             813.05,524.99 823.88,518.45 836.00,522.22
             854.86,528.09 873.19,554.04 896.00,554.96
             900.72,555.15 904.64,554.54 909.00,552.66
             924.35,546.04 932.86,530.07 938.00,515.00
             941.33,505.21 945.15,491.69 952.18,484.04
             962.57,472.75 986.26,470.02 1001.00,470.00
             1006.69,469.99 1012.35,470.23 1018.00,469.21 Z
           M 1504.00,665.28
           C 1497.95,666.17 1492.97,666.74 1487.00,668.43
             1443.04,680.83 1410.99,716.40 1387.58,754.00
             1342.22,826.82 1312.87,920.72 1293.12,1004.00
             1273.55,1086.51 1259.19,1170.68 1250.16,1255.00
             1250.16,1255.00 1242.83,1331.00 1242.83,1331.00
             1242.83,1331.00 1238.00,1388.00 1238.00,1388.00
             1238.00,1388.00 1238.00,1397.00 1238.00,1397.00
             1238.00,1397.00 1237.00,1412.00 1237.00,1412.00
             1237.00,1412.00 1236.00,1427.00 1236.00,1427.00
             1236.00,1427.00 1235.00,1453.00 1235.00,1453.00
             1235.00,1453.00 1234.00,1469.00 1234.00,1469.00
             1234.00,1469.00 1234.00,1483.00 1234.00,1483.00
             1234.00,1483.00 1233.00,1499.00 1233.00,1499.00
             1233.00,1499.00 1233.00,1522.00 1233.00,1522.00
             1233.00,1522.00 1232.00,1539.00 1232.00,1539.00
             1232.00,1539.00 1232.00,1634.00 1232.00,1634.00
             1232.00,1634.00 1233.00,1650.00 1233.00,1650.00
             1233.00,1650.00 1233.00,1672.00 1233.00,1672.00
             1233.00,1672.00 1234.00,1687.00 1234.00,1687.00
             1234.00,1687.00 1234.00,1702.00 1234.00,1702.00
             1234.00,1702.00 1234.96,1714.00 1234.96,1714.00
             1234.96,1714.00 1234.96,1726.00 1234.96,1726.00
             1234.96,1726.00 1236.00,1740.00 1236.00,1740.00
             1236.00,1740.00 1237.00,1763.00 1237.00,1763.00
             1237.00,1763.00 1238.91,1789.00 1238.91,1789.00
             1238.91,1789.00 1245.83,1872.00 1245.83,1872.00
             1254.16,1958.03 1263.82,2026.10 1280.80,2111.00
             1292.23,2168.13 1308.81,2233.21 1328.31,2288.00
             1344.19,2332.64 1365.08,2382.55 1391.33,2422.00
             1413.57,2455.41 1441.82,2487.05 1481.00,2500.00
             1488.50,2502.48 1499.13,2504.90 1507.00,2505.00
             1523.76,2505.19 1532.63,2505.16 1549.00,2499.97
             1586.53,2488.08 1616.10,2455.84 1637.33,2424.00
             1661.76,2387.37 1680.69,2344.21 1696.05,2303.00
             1711.93,2260.40 1726.57,2213.38 1736.42,2169.00
             1736.42,2169.00 1756.58,2075.00 1756.58,2075.00
             1772.15,1988.67 1783.08,1901.42 1789.09,1814.00
             1789.09,1814.00 1790.91,1794.00 1790.91,1794.00
             1790.91,1794.00 1792.09,1772.00 1792.09,1772.00
             1792.09,1772.00 1793.00,1761.00 1793.00,1761.00
             1793.00,1761.00 1794.00,1743.00 1794.00,1743.00
             1794.00,1743.00 1795.04,1726.00 1795.04,1726.00
             1795.04,1726.00 1795.04,1713.00 1795.04,1713.00
             1795.04,1713.00 1796.00,1702.00 1796.00,1702.00
             1796.00,1702.00 1796.00,1684.00 1796.00,1684.00
             1796.00,1684.00 1797.00,1667.00 1797.00,1667.00
             1797.00,1667.00 1797.00,1499.00 1797.00,1499.00
             1797.00,1499.00 1796.00,1484.00 1796.00,1484.00
             1795.94,1446.22 1792.66,1408.64 1790.09,1371.00
             1784.34,1287.00 1775.18,1203.09 1760.75,1120.00
             1760.75,1120.00 1746.20,1045.00 1746.20,1045.00
             1733.82,983.10 1714.86,915.98 1692.42,857.00
             1678.70,820.93 1656.67,773.19 1634.42,742.00
             1626.23,730.51 1617.74,719.21 1607.96,709.00
             1580.70,680.54 1544.10,661.55 1504.00,665.28 Z
           M 1013.00,695.42
           C 1025.44,693.91 1038.19,694.83 1042.07,709.00
             1042.97,712.28 1042.98,714.66 1043.00,718.00
             1043.06,733.06 1038.61,747.68 1034.42,762.00
             1034.42,762.00 1014.05,823.00 1014.05,823.00
             1009.41,835.46 1000.66,855.91 990.96,864.82
             976.76,877.85 963.66,861.07 951.00,854.32
             937.97,847.37 925.49,845.83 911.00,846.00
             898.21,846.15 876.15,850.92 863.00,853.39
             821.51,861.17 814.45,862.31 774.00,876.34
             774.00,876.34 731.00,890.66 731.00,890.66
             723.96,892.85 712.19,896.18 705.00,894.47
             689.73,890.83 687.85,868.90 688.00,856.00
             688.09,848.29 690.29,835.48 692.43,828.00
             694.53,820.64 697.13,814.71 700.79,808.00
             703.04,803.87 705.71,800.36 709.04,797.04
             720.33,785.79 732.80,787.38 746.00,794.32
             763.71,803.64 786.11,821.89 807.00,810.68
             823.74,801.70 829.54,782.32 833.00,765.00
             835.41,752.96 837.43,739.83 847.02,731.18
             858.87,720.50 882.56,717.16 898.00,714.20
             898.00,714.20 942.00,706.92 942.00,706.92
             942.00,706.92 1013.00,695.42 1013.00,695.42 Z
           M 960.00,922.52
           C 979.28,919.66 976.14,946.85 976.00,959.00
             975.80,976.07 965.25,1022.85 961.40,1042.00
             961.40,1042.00 948.28,1099.00 948.28,1099.00
             941.73,1121.06 933.04,1142.66 933.00,1166.00
             933.00,1166.00 933.00,1196.00 933.00,1196.00
             933.00,1196.00 932.00,1208.00 932.00,1208.00
             932.00,1208.00 932.00,1217.00 932.00,1217.00
             932.00,1217.00 927.17,1264.00 927.17,1264.00
             927.17,1264.00 920.72,1327.00 920.72,1327.00
             920.72,1327.00 911.00,1402.00 911.00,1402.00
             911.00,1402.00 911.00,1447.00 911.00,1447.00
             911.00,1447.00 912.00,1462.00 912.00,1462.00
             912.00,1462.00 912.00,1483.00 912.00,1483.00
             912.00,1483.00 911.00,1498.00 911.00,1498.00
             911.00,1498.00 909.00,1577.00 909.00,1577.00
             909.00,1577.00 908.00,1598.00 908.00,1598.00
             908.00,1598.00 906.00,1630.00 906.00,1630.00
             906.00,1630.00 906.00,1656.00 906.00,1656.00
             906.00,1656.00 911.83,1717.00 911.83,1717.00
             911.83,1717.00 915.09,1767.00 915.09,1767.00
             917.10,1796.37 920.05,1825.50 920.00,1855.00
             920.00,1855.00 919.09,1867.00 919.09,1867.00
             919.09,1867.00 916.85,1892.00 916.85,1892.00
             916.26,1896.90 914.73,1906.52 915.29,1911.00
             915.29,1911.00 930.12,1960.00 930.12,1960.00
             936.51,1984.31 940.26,2009.24 944.41,2034.00
             944.41,2034.00 952.00,2089.00 952.00,2089.00
             952.00,2089.00 952.00,2106.00 952.00,2106.00
             951.98,2115.99 950.09,2128.35 941.00,2134.28
             934.80,2138.31 925.06,2137.45 918.00,2138.28
             905.18,2139.81 893.05,2142.67 882.00,2149.69
             864.17,2161.02 852.73,2173.27 838.00,2188.00
             838.00,2188.00 803.43,2223.00 803.43,2223.00
             803.43,2223.00 755.55,2285.00 755.55,2285.00
             745.31,2297.80 729.66,2320.81 711.00,2308.22
             707.96,2306.16 705.05,2303.63 702.59,2300.91
             687.75,2284.53 677.75,2258.14 678.00,2236.00
             678.14,2223.73 681.79,2212.46 694.00,2207.47
             713.63,2199.45 753.57,2211.42 769.52,2185.00
             779.65,2168.23 773.40,2147.56 766.14,2131.00
             762.35,2122.35 756.46,2109.59 757.18,2100.00
             758.52,2082.36 776.19,2065.81 788.00,2054.00
             816.80,2025.20 848.92,1999.54 874.92,1968.00
             882.56,1958.73 892.70,1943.32 896.66,1932.00
             898.01,1928.13 899.92,1922.07 899.61,1918.00
             899.14,1911.67 895.57,1905.75 891.54,1901.04
             887.63,1896.48 881.37,1891.96 876.00,1889.27
             856.62,1879.57 840.12,1884.16 822.00,1893.78
             810.40,1899.94 792.80,1914.16 782.00,1922.58
             750.53,1947.10 744.84,1951.02 716.91,1981.00
             716.91,1981.00 704.28,1994.00 704.28,1994.00
             695.22,2004.28 685.40,2014.07 675.00,2023.00
             669.17,2028.01 662.14,2033.38 654.00,2032.89
             641.56,2032.15 632.67,2016.96 627.76,2007.00
             620.22,1991.72 616.81,1974.97 617.00,1958.00
             617.13,1946.96 620.46,1933.20 631.00,1927.67
             636.96,1924.54 644.39,1923.93 651.00,1924.00
             651.00,1924.00 683.00,1925.91 683.00,1925.91
             688.39,1925.54 695.01,1924.41 700.00,1922.37
             703.94,1920.76 707.69,1918.42 710.83,1915.54
             735.92,1892.50 711.72,1855.53 712.00,1831.00
             712.22,1811.77 730.30,1798.36 744.00,1787.40
             775.91,1761.87 811.05,1740.00 840.00,1711.00
             857.17,1693.81 875.43,1666.13 860.53,1642.00
             845.64,1617.87 817.37,1620.22 795.00,1630.78
             795.00,1630.78 753.00,1654.80 753.00,1654.80
             753.00,1654.80 710.00,1682.37 710.00,1682.37
             710.00,1682.37 667.00,1717.75 667.00,1717.75
             657.47,1725.63 646.37,1734.71 636.00,1741.31
             631.00,1744.48 624.12,1748.30 618.00,1747.66
             606.96,1746.51 600.47,1735.08 596.31,1726.00
             588.93,1709.90 586.80,1692.51 587.00,1675.00
             587.11,1665.60 589.69,1653.10 596.18,1646.04
             607.42,1633.83 623.83,1638.57 638.00,1641.40
             638.00,1641.40 656.00,1644.16 656.00,1644.16
             659.10,1644.50 660.73,1645.05 664.00,1644.82
             669.14,1644.45 675.32,1643.26 680.00,1641.10
             684.15,1639.19 687.72,1636.47 690.67,1632.99
             702.95,1618.49 701.50,1599.38 698.59,1582.00
             696.13,1567.37 692.96,1553.18 702.05,1540.00
             710.78,1527.35 733.50,1514.50 747.00,1506.40
             781.80,1485.53 832.90,1462.53 856.84,1430.00
             863.09,1421.51 869.41,1408.85 868.79,1398.00
             867.59,1376.66 845.86,1359.70 825.00,1361.18
             805.08,1362.60 786.99,1371.19 769.00,1379.14
             727.00,1397.71 721.20,1400.18 682.00,1425.05
             682.00,1425.05 638.00,1452.22 638.00,1452.22
             631.25,1455.78 622.80,1460.45 615.00,1459.90
             606.94,1459.34 601.94,1453.74 598.32,1447.00
             592.60,1436.33 589.06,1416.14 589.00,1404.00
             588.97,1397.64 589.61,1389.23 590.80,1383.00
             591.85,1377.54 593.36,1372.07 595.67,1367.00
             596.92,1364.24 598.59,1361.38 600.52,1359.04
             606.53,1351.73 612.18,1350.90 621.00,1351.00
             636.53,1351.18 654.97,1362.58 673.00,1362.99
             678.58,1363.11 682.76,1362.61 688.00,1360.54
             692.71,1358.67 695.43,1356.59 698.96,1352.98
             711.46,1340.23 712.03,1323.73 712.00,1307.00
             711.98,1295.27 709.15,1284.70 714.35,1273.00
             722.43,1254.81 753.33,1242.91 771.00,1235.28
             804.42,1220.85 853.93,1202.89 881.00,1180.25
             894.04,1169.33 909.15,1152.48 904.49,1134.00
             903.48,1130.00 900.61,1124.35 898.21,1121.00
             880.46,1096.20 851.78,1099.18 826.00,1106.15
             808.08,1111.00 762.41,1125.26 746.00,1132.01
             746.00,1132.01 699.00,1154.25 699.00,1154.25
             699.00,1154.25 660.00,1171.66 660.00,1171.66
             654.59,1173.52 647.67,1175.83 642.00,1174.21
             634.02,1171.94 630.61,1166.28 627.81,1159.00
             622.98,1146.41 622.85,1135.19 623.00,1122.00
             623.23,1102.50 632.67,1064.65 658.00,1066.52
             679.09,1068.07 695.38,1085.28 720.00,1085.00
             725.84,1084.93 728.89,1084.06 734.00,1081.12
             751.18,1071.24 755.66,1049.24 756.91,1031.00
             757.90,1016.53 757.68,1001.85 770.04,991.67
             780.65,982.93 801.61,976.49 815.00,972.58
             815.00,972.58 887.00,951.28 887.00,951.28
             903.08,946.44 918.62,940.27 934.00,933.58
             942.66,929.81 950.81,924.98 960.00,922.52 Z
           M 958.00,2209.64
           C 971.49,2209.93 978.94,2228.08 982.95,2239.00
             990.50,2259.58 997.52,2285.58 1002.87,2307.00
             1005.79,2318.68 1010.42,2337.16 1009.96,2349.00
             1009.70,2355.70 1008.03,2365.32 1004.44,2371.00
             998.66,2380.17 990.82,2383.96 982.00,2389.42
             971.87,2395.70 962.77,2401.92 954.00,2410.09
             943.82,2419.57 933.74,2432.22 924.75,2443.00
             924.75,2443.00 892.72,2483.00 892.72,2483.00
             892.72,2483.00 863.60,2530.00 863.60,2530.00
             863.60,2530.00 837.58,2570.00 837.58,2570.00
             833.16,2575.68 827.67,2582.17 820.00,2582.90
             810.23,2583.82 801.62,2577.54 795.04,2570.96
             781.73,2557.67 768.23,2531.11 768.00,2512.00
             767.91,2503.62 767.24,2496.15 772.56,2489.00
             780.06,2478.90 791.39,2477.40 803.00,2475.73
             822.51,2472.92 847.06,2469.37 854.91,2448.00
             856.71,2443.09 857.10,2439.18 856.99,2434.00
             856.68,2420.61 849.94,2407.55 843.69,2396.00
             838.93,2387.19 833.46,2378.35 833.04,2368.00
             832.40,2352.15 844.76,2336.96 853.88,2325.00
             853.88,2325.00 876.92,2297.00 876.92,2297.00
             876.92,2297.00 922.25,2243.00 922.25,2243.00
             930.58,2233.00 945.14,2211.98 958.00,2209.64 Z
           M 1033.00,2478.64
           C 1049.08,2475.41 1057.52,2488.57 1064.30,2501.00
             1072.33,2515.70 1078.39,2531.47 1084.60,2547.00
             1091.12,2563.30 1098.20,2581.22 1098.00,2599.00
             1097.79,2617.18 1088.42,2625.56 1077.17,2638.00
             1077.17,2638.00 1054.23,2664.00 1054.23,2664.00
             1043.67,2677.76 1011.16,2726.12 1002.86,2741.00
             1002.86,2741.00 977.25,2793.00 977.25,2793.00
             971.09,2805.31 964.32,2819.69 956.64,2831.00
             951.77,2838.18 946.21,2843.53 937.00,2842.90
             927.98,2842.29 918.29,2835.04 912.00,2828.96
             896.82,2814.29 878.63,2782.98 883.68,2761.00
             886.86,2747.13 897.61,2742.54 910.00,2739.15
             929.72,2733.76 957.02,2730.00 963.96,2707.00
             964.93,2703.79 965.94,2698.31 965.68,2695.00
             964.59,2681.30 958.13,2669.21 950.67,2658.00
             942.91,2646.35 934.68,2636.70 935.01,2622.00
             935.37,2606.54 946.18,2590.64 954.31,2578.00
             954.31,2578.00 1001.63,2509.00 1001.63,2509.00
             1009.80,2498.11 1019.90,2483.57 1033.00,2478.64 Z
           M 1147.00,2723.53
           C 1157.63,2722.30 1166.69,2729.37 1173.25,2737.01
             1185.56,2751.37 1194.64,2768.07 1204.68,2784.00
             1204.68,2784.00 1238.02,2835.00 1238.02,2835.00
             1238.02,2835.00 1262.60,2871.00 1262.60,2871.00
             1268.80,2881.32 1277.93,2896.92 1271.56,2909.00
             1268.15,2915.48 1260.72,2918.91 1254.00,2920.96
             1244.65,2923.81 1230.81,2924.98 1221.00,2925.00
             1221.00,2925.00 1204.00,2926.00 1204.00,2926.00
             1164.49,2926.06 1123.53,2928.73 1089.00,2906.00
             1078.29,2898.95 1064.41,2889.35 1061.52,2876.00
             1060.87,2873.01 1060.97,2869.10 1061.00,2866.00
             1061.16,2852.67 1069.72,2837.67 1075.74,2826.00
             1075.74,2826.00 1093.69,2793.00 1093.69,2793.00
             1093.69,2793.00 1117.05,2752.00 1117.05,2752.00
             1124.53,2740.20 1132.76,2727.28 1147.00,2723.53 Z" />
</svg>
