<?xml version="1.0" encoding="UTF-8" standalone="no"?>
<!DOCTYPE svg PUBLIC "-//W3C//DTD SVG 20010904//EN"
              "http://www.w3.org/TR/2001/REC-SVG-20010904/DTD/svg10.dtd">

<svg xmlns="http://www.w3.org/2000/svg"
     width="6.73in" height="4.46in"
     viewBox="0 0 2019 1338">
  <path id="Selection"
        fill="none" stroke="black" stroke-width="1"
        d="M 1312.00,676.00
           C 1312.00,687.88 1310.11,701.16 1300.91,709.76
             1288.72,721.01 1264.22,721.37 1252.09,709.76
             1243.88,702.00 1241.02,690.96 1241.00,680.00
             1241.00,680.00 1241.00,658.00 1241.00,658.00
             1241.00,644.37 1240.15,630.94 1250.18,620.04
             1263.25,605.84 1289.85,605.24 1302.67,620.04
             1310.42,628.98 1312.00,640.65 1312.00,652.00
             1312.00,652.00 1286.00,652.00 1286.00,652.00
             1285.99,647.43 1286.22,643.96 1283.35,640.04
             1278.43,633.32 1271.82,634.89 1268.31,642.00
             1266.82,645.03 1267.01,648.70 1267.00,652.00
             1267.00,652.00 1267.00,678.00 1267.00,678.00
             1267.17,690.64 1276.77,696.80 1283.35,687.95
             1286.21,684.10 1285.99,680.51 1286.00,676.00
             1286.00,676.00 1312.00,676.00 1312.00,676.00 Z
           M 852.00,610.00
           C 852.00,610.00 876.00,610.00 876.00,610.00
             876.00,610.00 887.00,610.00 887.00,610.00
             901.18,610.17 911.20,617.84 916.18,631.00
             920.88,643.40 919.21,672.32 918.00,686.00
             917.64,690.09 915.42,702.40 909.93,702.26
             907.07,702.18 905.46,699.65 905.76,696.98
             905.76,696.98 909.03,688.00 909.03,688.00
             910.63,682.79 910.99,678.39 911.00,673.00
             911.00,673.00 911.00,654.00 911.00,654.00
             910.98,639.63 906.95,625.09 892.00,619.56
             886.14,617.39 874.55,617.88 868.00,618.00
             865.86,618.04 863.23,617.96 861.60,619.60
             859.68,621.52 860.01,625.46 860.00,628.00
             860.00,628.00 860.00,687.00 860.00,687.00
             860.02,698.36 863.62,698.11 874.00,698.00
             878.10,697.95 879.03,697.79 883.00,696.88
             885.79,696.24 888.53,695.72 890.96,694.11
             901.77,686.95 899.00,671.31 899.00,660.00
             899.00,651.49 900.52,642.04 894.61,635.05
             887.14,626.22 877.12,630.66 872.13,627.83
             869.48,626.33 868.31,623.58 867.00,621.00
             876.89,621.00 892.06,619.58 899.90,626.39
             904.45,630.34 905.84,636.36 907.11,642.00
             908.37,647.57 908.00,653.32 908.00,659.00
             908.00,670.85 909.68,689.63 900.67,698.67
             895.65,703.71 889.80,704.97 883.00,705.00
             883.00,705.00 852.00,705.00 852.00,705.00
             852.00,705.00 852.00,610.00 852.00,610.00 Z
           M 959.00,610.00
           C 959.00,610.00 959.00,665.00 959.00,665.00
             959.00,676.30 957.61,686.78 963.53,697.00
             968.34,705.32 978.23,711.16 988.00,709.70
             993.19,708.92 996.20,706.55 999.00,705.78
             1002.06,704.94 1006.37,705.99 1006.39,709.84
             1006.41,713.16 1000.60,715.28 998.00,716.10
             989.92,718.65 977.91,718.70 970.00,715.52
             952.71,708.58 950.03,689.36 950.00,673.00
             950.00,673.00 950.00,619.00 950.00,619.00
             950.02,610.33 950.36,610.03 959.00,610.00 Z
           M 962.00,610.00
           C 962.00,610.00 971.00,610.00 971.00,610.00
             969.02,625.01 969.97,657.28 970.00,674.00
             970.01,683.06 970.88,690.74 979.00,696.35
             981.56,698.11 983.92,698.95 987.00,698.16
             996.92,695.61 999.99,684.91 1000.00,676.00
             1000.00,676.00 1000.00,610.00 1000.00,610.00
             1000.00,610.00 1008.00,610.00 1008.00,610.00
             1008.00,610.00 1008.00,679.00 1008.00,679.00
             1007.98,693.76 1002.43,705.90 986.00,706.91
             967.94,708.01 962.02,693.28 962.00,678.00
             962.00,678.00 962.00,610.00 962.00,610.00 Z
           M 1011.00,610.00
           C 1011.00,610.00 1020.00,610.00 1020.00,610.00
             1017.80,626.70 1019.22,663.90 1019.00,683.00
             1018.93,688.25 1017.10,704.77 1009.93,704.72
             1007.13,704.70 1005.30,702.80 1005.64,699.98
             1005.64,699.98 1009.23,691.00 1009.23,691.00
             1010.76,686.08 1010.99,682.08 1011.00,677.00
             1011.00,677.00 1011.00,610.00 1011.00,610.00 Z
           M 1065.00,680.00
           C 1065.00,680.00 1084.00,680.00 1084.00,680.00
             1086.08,680.04 1088.60,679.93 1090.14,681.60
             1092.52,684.17 1091.57,687.24 1087.94,687.93
             1087.94,687.93 1070.00,687.93 1070.00,687.93
             1067.82,688.00 1064.27,687.78 1062.43,689.02
             1059.99,690.67 1055.74,705.38 1054.51,709.00
             1053.42,712.17 1050.38,719.59 1045.60,715.96
             1043.54,714.40 1044.46,711.06 1045.04,709.00
             1045.04,709.00 1051.34,690.00 1051.34,690.00
             1051.34,690.00 1071.41,630.00 1071.41,630.00
             1072.39,626.80 1076.70,612.50 1078.70,610.99
             1080.36,609.74 1083.96,610.01 1086.00,610.00
             1086.00,610.00 1082.05,626.00 1082.05,626.00
             1082.05,626.00 1069.58,664.00 1069.58,664.00
             1069.58,664.00 1065.00,680.00 1065.00,680.00 Z
           M 1161.00,611.00
           C 1161.00,611.00 1187.00,611.00 1187.00,611.00
             1187.00,611.00 1187.00,691.00 1187.00,691.00
             1187.00,691.00 1218.00,691.00 1218.00,691.00
             1218.00,691.00 1218.00,717.00 1218.00,717.00
             1218.00,717.00 1161.00,717.00 1161.00,717.00
             1161.00,717.00 1161.00,611.00 1161.00,611.00 Z
           M 1357.00,611.00
           C 1357.00,611.00 1375.00,611.00 1375.00,611.00
             1375.00,611.00 1399.67,686.00 1399.67,686.00
             1399.67,686.00 1409.00,717.00 1409.00,717.00
             1409.00,717.00 1390.00,717.00 1390.00,717.00
             1390.00,717.00 1383.42,715.98 1383.42,715.98
             1383.42,715.98 1375.73,702.02 1375.73,702.02
             1375.73,702.02 1354.00,701.00 1354.00,701.00
             1354.00,701.00 1350.00,717.00 1350.00,717.00
             1350.00,717.00 1323.00,717.00 1323.00,717.00
             1323.00,717.00 1330.98,691.00 1330.98,691.00
             1330.98,691.00 1357.00,611.00 1357.00,611.00 Z
           M 1424.00,611.00
           C 1438.95,611.00 1463.85,608.47 1475.99,617.05
             1483.85,622.62 1488.51,634.49 1487.82,644.00
             1487.82,644.00 1486.47,655.00 1486.47,655.00
             1487.03,659.40 1490.54,660.90 1492.96,669.00
             1496.75,681.69 1494.42,699.50 1483.91,708.48
             1472.78,717.99 1459.58,717.00 1446.00,717.00
             1446.00,717.00 1424.00,717.00 1424.00,717.00
             1424.00,717.00 1424.00,611.00 1424.00,611.00 Z
           M 1089.00,612.00
           C 1089.00,612.00 1092.00,612.00 1092.00,612.00
             1092.00,612.00 1102.07,642.00 1102.07,642.00
             1102.07,642.00 1118.28,691.00 1118.28,691.00
             1118.28,691.00 1124.52,711.00 1124.52,711.00
             1124.96,714.13 1124.11,717.66 1120.04,716.34
             1115.44,714.86 1112.04,700.61 1110.58,696.00
             1110.58,696.00 1097.22,656.00 1097.22,656.00
             1094.75,649.13 1093.59,643.48 1090.00,637.00
             1090.00,637.00 1080.98,665.00 1080.98,665.00
             1080.98,665.00 1076.30,676.01 1076.30,676.01
             1076.30,676.01 1069.00,677.00 1069.00,677.00
             1069.20,668.97 1072.68,661.47 1075.37,654.00
             1075.37,654.00 1089.00,612.00 1089.00,612.00 Z
           M 1307.00,648.00
           C 1306.92,638.72 1304.54,629.86 1297.91,623.04
             1285.64,610.43 1264.51,611.62 1253.33,625.00
             1247.83,631.59 1246.04,638.60 1246.00,647.00
             1245.95,657.87 1244.74,683.92 1247.75,693.00
             1253.22,709.53 1270.80,717.53 1287.00,711.89
             1290.35,710.73 1293.06,708.91 1296.00,707.00
             1296.00,707.00 1292.00,702.00 1292.00,702.00
             1279.31,712.27 1261.66,709.11 1254.40,694.00
             1252.21,689.43 1251.06,681.10 1251.00,676.00
             1250.85,662.44 1248.97,639.85 1257.53,629.01
             1266.41,617.77 1283.82,616.78 1293.82,627.10
             1299.71,633.19 1300.98,639.91 1301.00,648.00
             1301.00,648.00 1307.00,648.00 1307.00,648.00 Z
           M 1171.00,616.00
           C 1171.00,616.00 1166.00,616.00 1166.00,616.00
             1166.00,616.00 1166.00,702.00 1166.00,702.00
             1166.00,702.00 1213.00,702.00 1213.00,702.00
             1213.00,702.00 1213.00,696.00 1213.00,696.00
             1213.00,696.00 1171.00,696.00 1171.00,696.00
             1171.00,696.00 1171.00,616.00 1171.00,616.00 Z
           M 1182.00,616.00
           C 1182.00,616.00 1176.00,616.00 1176.00,616.00
             1176.00,616.00 1176.00,691.00 1176.00,691.00
             1176.00,691.00 1182.00,691.00 1182.00,691.00
             1182.00,691.00 1182.00,616.00 1182.00,616.00 Z
           M 1367.00,616.00
           C 1367.00,616.00 1361.70,616.99 1361.70,616.99
             1361.70,616.99 1358.67,623.00 1358.67,623.00
             1358.67,623.00 1353.67,638.00 1353.67,638.00
             1353.67,638.00 1329.00,712.00 1329.00,712.00
             1329.00,712.00 1334.30,711.01 1334.30,711.01
             1334.30,711.01 1344.51,687.60 1344.51,687.60
             1344.51,687.60 1353.00,686.00 1353.00,686.00
             1353.00,686.00 1372.00,686.00 1372.00,686.00
             1372.00,686.00 1369.49,681.02 1369.49,681.02
             1369.49,681.02 1362.00,680.00 1362.00,680.00
             1362.00,680.00 1347.00,680.00 1347.00,680.00
             1347.00,680.00 1354.00,656.00 1354.00,656.00
             1354.00,656.00 1367.00,616.00 1367.00,616.00 Z
           M 1482.19,652.00
           C 1482.48,646.11 1483.50,644.19 1482.19,638.00
             1480.23,626.02 1472.33,617.68 1460.00,616.06
             1460.00,616.06 1447.00,616.06 1447.00,616.06
             1447.00,616.06 1428.00,616.06 1428.00,616.06
             1428.00,616.06 1428.00,702.00 1428.00,702.00
             1439.28,702.00 1463.26,703.92 1471.96,697.36
             1482.07,689.74 1481.99,670.28 1469.00,663.44
             1462.53,660.03 1450.47,661.00 1443.00,661.00
             1451.79,672.86 1459.79,662.41 1468.79,670.42
             1476.72,677.48 1474.32,689.96 1465.00,694.43
             1459.60,697.02 1440.91,696.00 1434.00,696.00
             1434.00,696.00 1434.00,656.00 1434.00,656.00
             1450.08,656.00 1473.53,652.21 1481.65,670.00
             1483.91,674.97 1484.64,681.66 1483.48,687.00
             1481.89,694.37 1476.85,697.22 1484.00,701.00
             1490.77,688.13 1492.91,676.00 1484.53,663.04
             1479.96,655.96 1473.81,655.04 1471.87,651.74
             1471.34,650.01 1471.90,646.95 1471.87,645.00
             1472.03,642.79 1471.99,640.15 1471.87,638.00
             1468.26,624.77 1453.56,626.00 1443.00,626.00
             1444.77,628.39 1446.06,630.30 1449.00,631.40
             1453.16,632.96 1457.67,630.34 1462.82,635.23
             1468.74,640.76 1466.90,648.57 1462.82,650.40
             1461.15,651.12 1457.83,651.00 1456.00,651.00
             1456.00,651.00 1434.00,651.00 1434.00,651.00
             1434.00,651.00 1434.00,622.00 1434.00,622.00
             1445.42,622.00 1463.35,619.31 1471.67,628.18
             1474.81,631.52 1476.34,635.50 1476.83,640.00
             1477.46,645.78 1475.26,649.85 1482.19,652.00 Z
           M 1372.00,619.00
           C 1372.00,619.00 1364.00,640.00 1364.00,640.00
             1364.00,640.00 1352.00,676.00 1352.00,676.00
             1352.00,676.00 1357.92,674.43 1357.92,674.43
             1357.92,674.43 1362.00,664.00 1362.00,664.00
             1362.00,664.00 1370.00,638.00 1370.00,638.00
             1370.00,638.00 1373.00,638.00 1373.00,638.00
             1373.00,638.00 1379.33,659.00 1379.33,659.00
             1379.33,659.00 1391.33,695.00 1391.33,695.00
             1391.33,695.00 1397.70,711.01 1397.70,711.01
             1397.70,711.01 1403.00,712.00 1403.00,712.00
             1403.00,712.00 1382.67,650.00 1382.67,650.00
             1382.67,650.00 1372.00,619.00 1372.00,619.00 Z
           M 1297.00,648.00
           C 1296.05,642.81 1295.52,637.43 1292.35,633.01
             1285.98,624.13 1271.67,621.47 1264.00,630.14
             1270.75,634.07 1270.64,629.95 1277.00,630.14
             1286.48,630.77 1290.32,639.86 1291.00,648.00
             1291.00,648.00 1297.00,648.00 1297.00,648.00 Z
           M 863.00,625.00
           C 870.51,627.21 871.91,631.80 872.00,639.00
             872.00,639.00 872.00,685.00 872.00,685.00
             871.98,693.67 871.64,693.97 863.00,694.00
             863.00,694.00 863.00,625.00 863.00,625.00 Z
           M 1440.00,631.00
           C 1440.00,631.00 1439.00,646.00 1439.00,646.00
             1439.00,646.00 1445.00,646.00 1445.00,646.00
             1445.00,637.91 1445.75,637.26 1440.00,631.00 Z
           M 1261.00,633.00
           C 1253.83,642.28 1255.94,665.06 1256.00,677.00
             1256.03,683.54 1257.09,690.73 1261.39,695.96
             1268.76,704.92 1282.83,705.50 1290.67,696.90
             1295.46,691.65 1295.80,686.58 1297.00,680.00
             1297.00,680.00 1291.00,680.00 1291.00,680.00
             1290.60,684.74 1289.77,689.11 1286.47,692.79
             1279.84,700.16 1269.15,698.46 1264.41,689.99
             1262.16,685.95 1262.02,682.47 1262.00,678.00
             1262.00,678.00 1262.00,651.00 1262.00,651.00
             1262.01,643.67 1265.11,639.02 1261.00,633.00 Z
           M 1449.00,646.00
           C 1451.47,646.00 1458.63,646.43 1460.39,644.98
             1462.44,643.28 1461.29,640.21 1459.57,638.74
             1457.05,636.58 1452.17,637.00 1449.00,637.00
             1449.00,637.00 1449.00,646.00 1449.00,646.00 Z
           M 1089.00,648.00
           C 1089.00,648.00 1092.00,648.00 1092.00,648.00
             1092.00,648.00 1100.67,674.00 1100.67,674.00
             1100.67,674.00 1109.83,701.00 1109.83,701.00
             1111.12,704.89 1117.61,718.85 1108.05,716.67
             1101.66,715.21 1103.03,704.40 1098.57,700.60
             1093.92,696.63 1074.28,701.43 1069.65,697.26
             1067.78,695.58 1067.45,693.31 1067.00,691.00
             1067.00,691.00 1096.00,691.00 1096.00,691.00
             1096.00,691.00 1087.19,659.00 1087.19,659.00
             1087.19,659.00 1089.00,648.00 1089.00,648.00 Z
           M 1372.00,651.00
           C 1372.00,651.00 1369.37,659.00 1369.37,659.00
             1369.37,659.00 1378.00,691.00 1378.00,691.00
             1378.00,691.00 1351.00,691.00 1351.00,691.00
             1351.00,691.00 1355.18,695.40 1355.18,695.40
             1355.18,695.40 1381.00,696.00 1381.00,696.00
             1381.52,699.34 1383.80,709.08 1386.51,710.98
             1388.07,712.08 1390.19,711.94 1392.00,712.00
             1392.00,712.00 1372.00,651.00 1372.00,651.00 Z
           M 1440.00,665.00
           C 1440.00,665.00 1439.00,691.00 1439.00,691.00
             1439.00,691.00 1445.00,691.00 1445.00,691.00
             1445.00,691.00 1444.40,671.00 1444.40,671.00
             1444.40,671.00 1440.00,665.00 1440.00,665.00 Z
           M 1366.00,668.00
           C 1366.00,668.00 1363.00,676.00 1363.00,676.00
             1363.00,676.00 1369.00,676.00 1369.00,676.00
             1369.00,676.00 1366.00,668.00 1366.00,668.00 Z
           M 1449.00,691.00
           C 1452.96,691.00 1460.56,691.49 1463.92,689.69
             1470.23,686.26 1470.32,676.62 1463.92,673.17
             1460.80,671.48 1452.80,672.00 1449.00,672.00
             1449.00,672.00 1449.00,691.00 1449.00,691.00 Z
           M 1307.00,680.00
           C 1307.00,680.00 1301.00,680.00 1301.00,680.00
             1300.86,695.74 1293.65,695.65 1301.00,702.00
             1304.93,692.86 1306.91,690.39 1307.00,680.00 Z
           M 1347.00,694.00
           C 1347.00,694.00 1340.00,712.00 1340.00,712.00
             1341.42,711.95 1343.28,712.06 1344.58,711.43
             1347.37,710.08 1349.79,701.90 1349.31,699.00
             1348.99,697.08 1347.95,695.63 1347.00,694.00 Z
           M 1062.00,695.00
           C 1073.63,698.63 1064.02,714.87 1062.57,715.82
             1056.78,719.62 1055.85,713.08 1057.09,709.00
             1057.09,709.00 1058.83,704.00 1058.83,704.00
             1058.83,704.00 1062.00,695.00 1062.00,695.00 Z
           M 1479.00,705.89
           C 1475.07,698.58 1472.21,704.30 1464.00,705.89
             1464.00,705.89 1428.00,705.89 1428.00,705.89
             1428.00,705.89 1428.00,711.77 1428.00,711.77
             1428.00,711.77 1465.00,711.77 1465.00,711.77
             1465.00,711.77 1479.00,705.89 1479.00,705.89 Z
           M 900.00,702.85
           C 907.70,701.38 908.71,707.97 902.94,711.64
             896.29,715.87 884.79,716.99 877.00,717.00
             873.43,717.01 856.40,717.42 854.31,716.40
             851.76,715.15 851.36,710.80 853.60,709.02
             855.18,707.77 859.02,708.00 861.00,708.00
             861.00,708.00 889.00,707.48 889.00,707.48
             892.96,706.62 896.36,704.52 900.00,702.85 Z
           M 1213.00,706.00
           C 1213.00,706.00 1166.00,706.00 1166.00,706.00
             1166.00,706.00 1166.00,712.00 1166.00,712.00
             1166.00,712.00 1213.00,712.00 1213.00,712.00
             1213.00,712.00 1213.00,706.00 1213.00,706.00 Z" />
</svg>
